Nombre de noeuds : 100
Nombre d'essais : 1000
NbNoeuds	TpsGene	TpsBF	TpsDj	RatioAlgos
1			94142700	124300	16200	0.13032984714400644
2			28044700	19100	6000	0.31413612565445026
3			40608600	9500	3500	0.3684210526315789
4			117699700	14000	3100	0.22142857142857142
5			11697600	15600	4000	0.2564102564102564
6			78283900	10000	2800	0.28
7			11095300	11600	2900	0.25
8			9008200	6500	2600	0.4
9			96794200	10300	4000	0.3883495145631068
10			15530100	5900	2700	0.4576271186440678
11			4396600	2400	3000	1.25
12			39296500	7100	4600	0.647887323943662
13			12204200	10000	3800	0.38
14			84778600	15400	7100	0.461038961038961
15			43388500	22600	3700	0.16371681415929204
16			211489100	19800	5800	0.29292929292929293
17			5627100	21900	5600	0.2557077625570776
18			37622500	13300	3500	0.2631578947368421
19			6910100	3900	4100	1.0512820512820513
20			3126800	7900	3200	0.4050632911392405
21			2146200	9600	3300	0.34375
22			18617200	11500	3900	0.3391304347826087
23			13645500	11800	3600	0.3050847457627119
24			19354100	15400	3900	0.2532467532467532
25			12238200	18300	3800	0.20765027322404372
26			18632200	11900	4600	0.3865546218487395
27			4632100	17100	3600	0.21052631578947367
28			4806100	11900	9000	0.7563025210084033
29			3009100	9100	3600	0.3956043956043956
30			16938000	15900	4800	0.3018867924528302
31			3226400	15700	3800	0.24203821656050956
32			42175700	21400	11600	0.5420560747663551
33			48271100	12300	4200	0.34146341463414637
34			35814300	16900	3600	0.21301775147928995
35			9987400	19300	5200	0.2694300518134715
36			33211700	16200	3600	0.2222222222222222
37			199136900	11300	3200	0.2831858407079646
38			17719100	11500	2700	0.23478260869565218
39			11742700	19500	3100	0.15897435897435896
40			11392800	17300	2400	0.13872832369942195
41			92947200	17200	5500	0.31976744186046513
42			22744900	24100	4200	0.17427385892116182
43			18976600	17500	2500	0.14285714285714285
44			6945800	18500	7900	0.42702702702702705
45			8832100	3500	2400	0.6857142857142857
46			16498500	6400	2500	0.390625
47			22171300	7500	2500	0.3333333333333333
48			51308300	11600	2900	0.25
49			5284500	3700	2600	0.7027027027027027
50			18372200	4400	2200	0.5
51			10307000	6700	2300	0.34328358208955223
52			180824300	12500	2600	0.208
53			2350800	2400	1900	0.7916666666666666
54			13712500	3200	2200	0.6875
55			8411600	7100	2100	0.29577464788732394
56			13846000	5000	2100	0.42
57			20793700	6800	2200	0.3235294117647059
58			9847700	4800	2200	0.4583333333333333
59			3369200	3500	2100	0.6
60			45576400	9800	3800	0.3877551020408163
61			2087500	2600	2100	0.8076923076923077
62			25113000	4400	2600	0.5909090909090909
63			18840900	5000	2400	0.48
64			2359600	2700	5800	2.1481481481481484
65			23719700	11200	2700	0.24107142857142858
66			36881900	21000	2900	0.1380952380952381
67			3231100	10500	2800	0.26666666666666666
68			15855300	9600	2200	0.22916666666666666
69			4374800	3700	2500	0.6756756756756757
70			53556800	14900	3000	0.20134228187919462
71			3999400	2600	2100	0.8076923076923077
72			44459100	13500	2600	0.1925925925925926
73			64790600	13400	2600	0.19402985074626866
74			8862000	5400	2500	0.46296296296296297
75			9646600	3300	2100	0.6363636363636364
76			59995500	12900	2700	0.20930232558139536
77			20667700	6900	2400	0.34782608695652173
78			23930200	8000	2200	0.275
79			10476200	4000	2300	0.575
80			22275100	17400	2500	0.14367816091954022
81			15506200	15900	2300	0.14465408805031446
82			60479600	12200	2500	0.20491803278688525
83			48756200	12600	2300	0.18253968253968253
84			11407000	4800	2100	0.4375
85			30412700	6100	2300	0.3770491803278688
86			61346900	12100	2500	0.2066115702479339
87			8586600	5600	3200	0.5714285714285714
88			11762200	4700	2100	0.44680851063829785
89			8324400	4800	1900	0.3958333333333333
90			11869700	4500	2300	0.5111111111111111
91			16206700	3300	2400	0.7272727272727273
92			2771200	4200	2000	0.47619047619047616
93			9685000	3800	2400	0.631578947368421
94			7058400	3500	2300	0.6571428571428571
95			32440400	12900	2400	0.18604651162790697
96			13907600	4300	2000	0.46511627906976744
97			20895700	13300	3800	0.2857142857142857
98			7855900	5500	4200	0.7636363636363637
99			9197200	4300	2100	0.4883720930232558
100			4328700	3900	2300	0.5897435897435898
101			6293900	3600	2000	0.5555555555555556
102			9955100	3200	2100	0.65625
103			17687100	5400	2300	0.42592592592592593
104			24000600	91800	2500	0.027233115468409588
105			21193800	7600	2400	0.3157894736842105
106			4715000	2900	1900	0.6551724137931034
107			117383300	12600	2800	0.2222222222222222
108			8309400	4700	2000	0.425531914893617
109			21032900	3400	2100	0.6176470588235294
110			22752700	8100	2200	0.2716049382716049
111			23571800	18200	2600	0.14285714285714285
112			20900700	5800	2100	0.3620689655172414
113			3863000	4500	2300	0.5111111111111111
114			9369300	10200	2400	0.23529411764705882
115			6096100	4000	2000	0.5
116			10642800	8100	2200	0.2716049382716049
117			16743000	6200	2500	0.4032258064516129
118			81105700	15900	2500	0.15723270440251572
119			15747500	3600	2000	0.5555555555555556
120			16107400	5800	2300	0.39655172413793105
121			4107200	5700	1900	0.3333333333333333
122			81709100	12800	2700	0.2109375
123			41615600	7800	2700	0.34615384615384615
124			3930400	2800	2300	0.8214285714285714
125			15901200	3300	2500	0.7575757575757576
126			24702300	13000	2800	0.2153846153846154
127			5898000	9700	2000	0.20618556701030927
128			3527600	10500	56300	5.3619047619047615
129			42396600	76200	2700	0.03543307086614173
130			11162900	11300	1300	0.11504424778761062
131			13185200	2900	900	0.3103448275862069
132			9288300	2400	1000	0.4166666666666667
133			35450700	8500	1400	0.16470588235294117
134			20157000	4600	1000	0.21739130434782608
135			6312600	2800	1000	0.35714285714285715
136			18719100	1900	1100	0.5789473684210527
137			72929900	8300	1300	0.1566265060240964
138			23234100	2700	1200	0.4444444444444444
139			59303900	7800	2600	0.3333333333333333
140			5099600	1900	1300	0.6842105263157895
141			22281700	4300	1000	0.23255813953488372
142			6995600	2800	1000	0.35714285714285715
143			37502800	5900	1400	0.23728813559322035
144			9517600	5500	1000	0.18181818181818182
145			7076100	3200	1000	0.3125
146			7974100	9600	1100	0.11458333333333333
147			21047100	9600	1100	0.11458333333333333
148			11139400	2700	1000	0.37037037037037035
149			5441700	2200	1000	0.45454545454545453
150			27747600	3000	1100	0.36666666666666664
151			4311600	2200	1000	0.45454545454545453
152			54284300	8000	1600	0.2
153			18088000	10500	1000	0.09523809523809523
154			37394300	8700	1500	0.1724137931034483
155			18173800	2800	1100	0.39285714285714285
156			46579400	6500	2500	0.38461538461538464
157			5128700	1600	1100	0.6875
158			41079100	9400	1400	0.14893617021276595
159			35797700	9400	1200	0.1276595744680851
160			27051000	7500	1300	0.17333333333333334
161			5007600	2600	900	0.34615384615384615
162			13721200	6200	1200	0.1935483870967742
163			45062400	6700	1200	0.1791044776119403
164			2583600	1700	900	0.5294117647058824
165			9368200	6000	1000	0.16666666666666666
166			4181800	2200	1000	0.45454545454545453
167			15839000	2300	1100	0.4782608695652174
168			22550200	3900	1200	0.3076923076923077
169			24513900	4800	1100	0.22916666666666666
170			8901900	2500	1100	0.44
171			3710100	3000	1100	0.36666666666666664
172			25102300	3400	2200	0.6470588235294118
173			27236400	5200	1200	0.23076923076923078
174			24718500	3000	1100	0.36666666666666664
175			25211500	5100	2400	0.47058823529411764
176			32823800	3100	1100	0.3548387096774194
177			30827400	8400	1100	0.13095238095238096
178			2933800	8200	1000	0.12195121951219512
179			44686900	7300	1200	0.1643835616438356
180			11943600	2100	1100	0.5238095238095238
181			11493600	2300	1000	0.43478260869565216
182			11210200	2200	1100	0.5
183			19370000	2600	1100	0.4230769230769231
184			7196400	1400	1000	0.7142857142857143
185			8020800	1800	1000	0.5555555555555556
186			38205100	3700	2900	0.7837837837837838
187			33539800	2400	1200	0.5
188			63433800	7900	1600	0.20253164556962025
189			29342700	11700	1200	0.10256410256410256
190			14753600	1800	1000	0.5555555555555556
191			4681600	1700	1000	0.5882352941176471
192			4523300	3100	72700	23.451612903225808
193			5155100	7300	13500	1.8493150684931507
194			7612200	1400	500	0.35714285714285715
195			16008700	800	500	0.625
196			37047900	3500	500	0.14285714285714285
197			2706900	3600	500	0.1388888888888889
198			32110000	3100	500	0.16129032258064516
199			22591600	1800	500	0.2777777777777778
200			9645200	1100	400	0.36363636363636365
201			14280400	900	400	0.4444444444444444
202			6916700	1100	600	0.5454545454545454
203			17317600	900	600	0.6666666666666666
204			12387800	1400	500	0.35714285714285715
205			21889900	2100	500	0.23809523809523808
206			5244300	1600	500	0.3125
207			4997800	700	500	0.7142857142857143
208			27916000	3900	500	0.1282051282051282
209			4784700	1300	400	0.3076923076923077
210			82165400	4400	800	0.18181818181818182
211			16240600	900	500	0.5555555555555556
212			39128800	4400	500	0.11363636363636363
213			41276200	4500	500	0.1111111111111111
214			21576700	6300	1400	0.2222222222222222
215			5131700	4600	1000	0.21739130434782608
216			16183900	5500	2800	0.509090909090909
217			37550600	5000	1700	0.34
218			40395400	3800	600	0.15789473684210525
219			30803500	3000	700	0.23333333333333334
220			10665900	6300	1200	0.19047619047619047
221			29371900	3800	500	0.13157894736842105
222			4851400	4900	1200	0.24489795918367346
223			45406100	4900	1900	0.3877551020408163
224			28776800	3400	500	0.14705882352941177
225			13419400	3100	500	0.16129032258064516
226			14190300	4200	500	0.11904761904761904
227			32189500	3800	500	0.13157894736842105
228			73286100	4900	1400	0.2857142857142857
229			8978400	4700	600	0.1276595744680851
230			10783700	5600	800	0.14285714285714285
231			11552200	6400	1100	0.171875
232			60125500	6000	1200	0.2
233			33610400	3300	500	0.15151515151515152
234			40915100	3800	500	0.13157894736842105
235			38355200	4300	600	0.13953488372093023
236			5730600	1100	500	0.45454545454545453
237			2862300	1300	500	0.38461538461538464
238			1859400	1300	600	0.46153846153846156
239			3523800	1200	500	0.4166666666666667
240			10691800	900	500	0.5555555555555556
241			32568300	3100	500	0.16129032258064516
242			11929000	1100	600	0.5454545454545454
243			35187100	18500	2600	0.14054054054054055
244			18744000	3600	500	0.1388888888888889
245			36093600	2500	600	0.24
246			2780500	1300	500	0.38461538461538464
247			17315500	1800	500	0.2777777777777778
248			31940600	2400	600	0.25
249			4572600	900	500	0.5555555555555556
250			40526200	4700	600	0.1276595744680851
251			34629100	3300	700	0.21212121212121213
252			4987900	2900	500	0.1724137931034483
253			9204600	1900	600	0.3157894736842105
254			5010800	1100	400	0.36363636363636365
255			12653700	6000	500	0.08333333333333333
256			15064000	3200	700	0.21875
257			35629000	3800	600	0.15789473684210525
258			8227300	1800	600	0.3333333333333333
259			18693000	1500	500	0.3333333333333333
260			12043600	1200	500	0.4166666666666667
261			70006200	3000	600	0.2
262			47894000	3300	600	0.18181818181818182
263			11069200	1300	700	0.5384615384615384
264			13338800	1100	500	0.45454545454545453
265			9616200	1900	500	0.2631578947368421
266			20704600	2300	500	0.21739130434782608
267			32740700	2400	500	0.20833333333333334
268			3207400	800	400	0.5
269			3701100	1200	600	0.5
270			21263700	3400	500	0.14705882352941177
271			13389100	3600	500	0.1388888888888889
272			30267900	2300	500	0.21739130434782608
273			24412600	3200	700	0.21875
274			25751100	2600	500	0.19230769230769232
275			17774700	2600	400	0.15384615384615385
276			41925800	4400	600	0.13636363636363635
277			28311900	2100	400	0.19047619047619047
278			41034500	2800	1700	0.6071428571428571
279			22975100	2000	500	0.25
280			44019200	5000	700	0.14
281			7814200	1000	500	0.5
282			16442200	2100	500	0.23809523809523808
283			16398500	2900	600	0.20689655172413793
284			10111700	1000	500	0.5
285			143963000	3600	900	0.25
286			16557600	1000	600	0.6
287			24351000	2900	400	0.13793103448275862
288			22391200	1800	500	0.2777777777777778
289			21723400	1400	600	0.42857142857142855
290			4931900	1900	500	0.2631578947368421
291			66145800	3200	700	0.21875
292			3227300	1200	500	0.4166666666666667
293			14605400	1200	600	0.5
294			17865900	1000	500	0.5
295			17532100	800	600	0.75
296			47143200	3400	500	0.14705882352941177
297			40268200	4400	600	0.13636363636363635
298			42943100	3500	900	0.2571428571428571
299			7452500	700	500	0.7142857142857143
300			1840000	700	500	0.7142857142857143
301			35104700	2300	500	0.21739130434782608
302			4585100	1200	500	0.4166666666666667
303			116094700	3200	600	0.1875
304			24726400	1800	500	0.2777777777777778
305			25928100	1300	1400	1.0769230769230769
306			6424400	800	400	0.5
307			57762500	3600	600	0.16666666666666666
308			12111200	4100	3600	0.8780487804878049
309			6910600	4300	1000	0.23255813953488372
310			29034100	35100	18200	0.5185185185185185
311			41732200	33500	4600	0.1373134328358209
312			68969500	5700	700	0.12280701754385964
313			2738000	800	400	0.5
314			31850100	2000	600	0.3
315			7228400	1200	500	0.4166666666666667
316			5715700	800	500	0.625
317			15469100	1100	500	0.45454545454545453
318			11354300	800	500	0.625
319			2002000	1100	400	0.36363636363636365
320			25963800	1100	500	0.45454545454545453
321			12758800	1000	600	0.6
322			18280700	1500	400	0.26666666666666666
323			11337200	4800	500	0.10416666666666667
324			38749600	3100	500	0.16129032258064516
325			36949500	2100	600	0.2857142857142857
326			5806800	1200	500	0.4166666666666667
327			15718400	700	700	1.0
328			35456800	2900	500	0.1724137931034483
329			4844000	1400	400	0.2857142857142857
330			18932500	1800	500	0.2777777777777778
331			21216600	1600	500	0.3125
332			11174800	1200	500	0.4166666666666667
333			45307200	3000	500	0.16666666666666666
334			29398200	2300	500	0.21739130434782608
335			3142700	1300	500	0.38461538461538464
336			10308300	900	500	0.5555555555555556
337			6213200	1800	400	0.2222222222222222
338			2959500	1200	900	0.75
339			29433800	3400	600	0.17647058823529413
340			1691200	800	900	1.125
341			16410000	4500	500	0.1111111111111111
342			13274100	3400	500	0.14705882352941177
343			6610600	700	400	0.5714285714285714
344			29466600	2400	500	0.20833333333333334
345			8206400	1600	500	0.3125
346			2783100	900	500	0.5555555555555556
347			21353700	1900	500	0.2631578947368421
348			3109600	1100	500	0.45454545454545453
349			73689700	5000	600	0.12
350			2961700	900	500	0.5555555555555556
351			5254700	1000	400	0.4
352			20082900	900	500	0.5555555555555556
353			90909400	3500	800	0.22857142857142856
354			64878400	3800	700	0.18421052631578946
355			24197200	1100	500	0.45454545454545453
356			6496000	4100	500	0.12195121951219512
357			27755800	3100	400	0.12903225806451613
358			9450900	1200	500	0.4166666666666667
359			14865800	1500	400	0.26666666666666666
360			12134500	2500	600	0.24
361			43361200	3400	600	0.17647058823529413
362			8245700	1300	400	0.3076923076923077
363			18803700	1900	1000	0.5263157894736842
364			11471400	1300	500	0.38461538461538464
365			83685700	3600	700	0.19444444444444445
366			31709800	1700	500	0.29411764705882354
367			19816300	900	500	0.5555555555555556
368			11592200	1000	600	0.6
369			34359000	2600	500	0.19230769230769232
370			4390100	800	500	0.625
371			4174400	1400	500	0.35714285714285715
372			17265200	3300	1600	0.48484848484848486
373			42357900	4200	600	0.14285714285714285
374			10039400	2000	500	0.25
375			27507700	800	500	0.625
376			52567800	3100	600	0.1935483870967742
377			47846100	3600	600	0.16666666666666666
378			13302000	1300	500	0.38461538461538464
379			21286200	2600	600	0.23076923076923078
380			11925100	1700	500	0.29411764705882354
381			5277900	900	900	1.0
382			50432400	2300	700	0.30434782608695654
383			15006000	900	500	0.5555555555555556
384			10958200	1000	500	0.5
385			18796900	3300	600	0.18181818181818182
386			23459400	2000	500	0.25
387			8894600	800	500	0.625
388			7757400	800	500	0.625
389			2481000	1200	500	0.4166666666666667
390			101545400	5400	700	0.12962962962962962
391			2261000	800	600	0.75
392			40572300	2500	500	0.2
393			36298100	3600	500	0.1388888888888889
394			53893600	3700	500	0.13513513513513514
395			10094600	1000	600	0.6
396			23853800	3500	500	0.14285714285714285
397			23585500	3200	400	0.125
398			19777200	1000	700	0.7
399			5035800	1100	400	0.36363636363636365
400			28254300	2400	600	0.25
401			4242900	4300	500	0.11627906976744186
402			8038100	1000	500	0.5
403			31314300	5200	500	0.09615384615384616
404			23185300	3800	500	0.13157894736842105
405			12050400	2900	500	0.1724137931034483
406			27949700	2100	500	0.23809523809523808
407			11151600	2500	1000	0.4
408			15549500	1100	400	0.36363636363636365
409			18286000	2300	400	0.17391304347826086
410			7208000	1200	500	0.4166666666666667
411			4491700	900	500	0.5555555555555556
412			10489000	1000	400	0.4
413			33587900	2200	1000	0.45454545454545453
414			22334800	1700	400	0.23529411764705882
415			14804800	900	500	0.5555555555555556
416			4196800	1200	500	0.4166666666666667
417			34544000	2200	600	0.2727272727272727
418			18096500	800	500	0.625
419			31352300	3100	500	0.16129032258064516
420			12405200	900	500	0.5555555555555556
421			79504700	4500	600	0.13333333333333333
422			4275200	1600	700	0.4375
423			39622600	3100	600	0.1935483870967742
424			90836000	3700	700	0.1891891891891892
425			11733800	1200	600	0.5
426			5324300	700	500	0.7142857142857143
427			2049300	1000	500	0.5
428			187553300	4300	700	0.16279069767441862
429			18202100	1000	600	0.6
430			6127300	900	500	0.5555555555555556
431			33467800	3300	400	0.12121212121212122
432			35703100	3100	1000	0.3225806451612903
433			17546700	1700	500	0.29411764705882354
434			35530000	2500	700	0.28
435			10843600	900	600	0.6666666666666666
436			32195400	2800	600	0.21428571428571427
437			11837600	1000	400	0.4
438			7330500	900	500	0.5555555555555556
439			63291800	3500	1000	0.2857142857142857
440			3180000	600	500	0.8333333333333334
441			3040300	1000	500	0.5
442			44505100	2700	800	0.2962962962962963
443			7167300	1000	500	0.5
444			6637600	1500	400	0.26666666666666666
445			8109900	1300	700	0.5384615384615384
446			6872700	800	500	0.625
447			5035100	700	500	0.7142857142857143
448			22744900	1900	400	0.21052631578947367
449			57689000	5200	800	0.15384615384615385
450			20198500	1100	1300	1.1818181818181819
451			14498400	1800	500	0.2777777777777778
452			73704000	3500	700	0.2
453			22918800	1000	600	0.6
454			30851500	3300	500	0.15151515151515152
455			40703000	2700	600	0.2222222222222222
456			15264000	1000	600	0.6
457			10207500	800	1000	1.25
458			67183100	3700	600	0.16216216216216217
459			33319100	3400	600	0.17647058823529413
460			9539900	1800	500	0.2777777777777778
461			3335500	4000	1300	0.325
462			2331300	900	600	0.6666666666666666
463			14283800	3500	600	0.17142857142857143
464			41782800	3500	1000	0.2857142857142857
465			49535100	3400	600	0.17647058823529413
466			10719900	3700	500	0.13513513513513514
467			19108500	1200	600	0.5
468			9426500	800	400	0.5
469			10351700	1200	600	0.5
470			14186200	2000	600	0.3
471			17946000	1200	400	0.3333333333333333
472			4314000	700	400	0.5714285714285714
473			6117900	1300	500	0.38461538461538464
474			3258900	600	500	0.8333333333333334
475			48209700	3100	1200	0.3870967741935484
476			20575100	1400	500	0.35714285714285715
477			21194900	3000	500	0.16666666666666666
478			10121300	1100	500	0.45454545454545453
479			21499800	1300	500	0.38461538461538464
480			75721300	3500	600	0.17142857142857143
481			22245600	1400	500	0.35714285714285715
482			7897600	1000	600	0.6
483			149875900	4000	900	0.225
484			29301700	3600	600	0.16666666666666666
485			34436000	4100	500	0.12195121951219512
486			3844500	900	400	0.4444444444444444
487			31206300	1700	500	0.29411764705882354
488			26376400	1500	500	0.3333333333333333
489			11186500	5000	600	0.12
490			12941400	1300	500	0.38461538461538464
491			48411600	3200	700	0.21875
492			18384900	1800	500	0.2777777777777778
493			5899100	1200	500	0.4166666666666667
494			72511100	3500	900	0.2571428571428571
495			2087900	700	700	1.0
496			71557100	3200	600	0.1875
497			26873000	1100	500	0.45454545454545453
498			14392600	1300	700	0.5384615384615384
499			58970600	3200	700	0.21875
500			45627800	3600	600	0.16666666666666666
501			13161800	900	400	0.4444444444444444
502			11301900	6000	400	0.06666666666666667
503			11478100	4200	600	0.14285714285714285
504			21146100	3800	500	0.13157894736842105
505			10502200	1600	600	0.375
506			13171600	1500	400	0.26666666666666666
507			10142700	1000	500	0.5
508			57748100	3600	600	0.16666666666666666
509			14406600	1400	1100	0.7857142857142857
510			31604100	1800	500	0.2777777777777778
511			8364200	1800	500	0.2777777777777778
512			20230300	1000	500	0.5
513			13524300	1400	500	0.35714285714285715
514			33563200	3200	500	0.15625
515			85654500	3500	700	0.2
516			79263400	3900	900	0.23076923076923078
517			48711600	3200	1000	0.3125
518			14653700	800	400	0.5
519			26192700	1900	600	0.3157894736842105
520			56992800	3700	700	0.1891891891891892
521			27479700	1500	500	0.3333333333333333
522			140657900	3700	700	0.1891891891891892
523			145229300	4400	500	0.11363636363636363
524			9409100	1800	500	0.2777777777777778
525			15450500	2000	500	0.25
526			5956600	1000	600	0.6
527			3555400	1100	500	0.45454545454545453
528			32018000	3000	600	0.2
529			3226000	600	400	0.6666666666666666
530			6990400	700	500	0.7142857142857143
531			85346600	3400	800	0.23529411764705882
532			96891500	3700	700	0.1891891891891892
533			35391400	3100	700	0.22580645161290322
534			21713200	900	500	0.5555555555555556
535			30200400	3700	500	0.13513513513513514
536			12646900	3700	900	0.24324324324324326
537			2206200	600	400	0.6666666666666666
538			12213500	2700	500	0.18518518518518517
539			18673700	900	500	0.5555555555555556
540			42120200	3100	600	0.1935483870967742
541			22135300	1100	500	0.45454545454545453
542			8600800	900	500	0.5555555555555556
543			24812500	1500	500	0.3333333333333333
544			18292400	1800	700	0.3888888888888889
545			3546400	900	500	0.5555555555555556
546			8787200	900	500	0.5555555555555556
547			7307800	1400	400	0.2857142857142857
548			16232600	1300	500	0.38461538461538464
549			5145300	1000	500	0.5
550			35409800	3300	400	0.12121212121212122
551			14056800	1000	500	0.5
552			3421200	1100	600	0.5454545454545454
553			1885500	600	500	0.8333333333333334
554			57743200	3500	700	0.2
555			8627700	1200	500	0.4166666666666667
556			130985200	3600	700	0.19444444444444445
557			19757800	1000	400	0.4
558			26194200	3100	500	0.16129032258064516
559			23017500	3000	600	0.2
560			46220400	3400	600	0.17647058823529413
561			16973800	3500	1000	0.2857142857142857
562			83372900	3900	700	0.1794871794871795
563			52753800	3800	800	0.21052631578947367
564			21363100	1700	500	0.29411764705882354
565			26481300	3100	400	0.12903225806451613
566			6552700	2600	500	0.19230769230769232
567			7349600	1200	500	0.4166666666666667
568			5987600	700	700	1.0
569			28781800	2200	1000	0.45454545454545453
570			43546300	3100	500	0.16129032258064516
571			14952300	1600	500	0.3125
572			2490900	1200	500	0.4166666666666667
573			2131600	1300	400	0.3076923076923077
574			12195300	900	400	0.4444444444444444
575			15010200	1300	500	0.38461538461538464
576			35461000	3000	400	0.13333333333333333
577			21041400	1200	400	0.3333333333333333
578			8086700	1200	400	0.3333333333333333
579			2586900	1200	400	0.3333333333333333
580			16946400	1200	500	0.4166666666666667
581			37795300	3800	500	0.13157894736842105
582			10063200	1100	500	0.45454545454545453
583			44969900	2500	700	0.28
584			4692600	2800	600	0.21428571428571427
585			19362000	2500	800	0.32
586			16895600	2700	500	0.18518518518518517
587			9603200	1100	500	0.45454545454545453
588			33859300	2600	600	0.23076923076923078
589			5602400	900	600	0.6666666666666666
590			3245700	1000	400	0.4
591			9181100	900	400	0.4444444444444444
592			4802900	700	400	0.5714285714285714
593			44714600	4500	700	0.15555555555555556
594			5130600	1700	700	0.4117647058823529
595			66333400	3700	600	0.16216216216216217
596			20582300	5700	700	0.12280701754385964
597			16298900	3100	500	0.16129032258064516
598			4069800	900	500	0.5555555555555556
599			27153600	3000	500	0.16666666666666666
600			10579600	900	500	0.5555555555555556
601			72081000	3200	700	0.21875
602			2370700	2900	900	0.3103448275862069
603			1890700	900	500	0.5555555555555556
604			34489400	2200	500	0.22727272727272727
605			29519800	3000	600	0.2
606			8608500	900	600	0.6666666666666666
607			84048200	3300	19200	5.818181818181818
608			7505600	2100	400	0.19047619047619047
609			17343400	5300	700	0.1320754716981132
610			7946900	2500	400	0.16
611			13778000	2400	500	0.20833333333333334
612			4824100	2600	500	0.19230769230769232
613			17823800	5600	500	0.08928571428571429
614			40368900	3000	500	0.16666666666666666
615			39538800	3000	600	0.2
616			16576700	4700	500	0.10638297872340426
617			14021000	3000	400	0.13333333333333333
618			15039300	3300	500	0.15151515151515152
619			87130400	3900	700	0.1794871794871795
620			27642700	1600	1200	0.75
621			82051300	3100	700	0.22580645161290322
622			14953000	1300	400	0.3076923076923077
623			17175600	1700	400	0.23529411764705882
624			43529200	2100	600	0.2857142857142857
625			3924000	1200	400	0.3333333333333333
626			38739500	2600	400	0.15384615384615385
627			4769400	800	500	0.625
628			51025800	4400	600	0.13636363636363635
629			26350600	3200	400	0.125
630			7539400	1100	400	0.36363636363636365
631			7428800	900	500	0.5555555555555556
632			31670200	1300	500	0.38461538461538464
633			2038100	1100	400	0.36363636363636365
634			21565700	1000	600	0.6
635			32961700	3200	500	0.15625
636			17147400	1000	500	0.5
637			30225100	2100	1000	0.47619047619047616
638			24268300	2000	400	0.2
639			40258300	5900	600	0.1016949152542373
640			18825200	3500	3700	1.0571428571428572
641			18053800	2300	500	0.21739130434782608
642			3072300	1000	600	0.6
643			15792000	1300	600	0.46153846153846156
644			22317100	2500	500	0.2
645			46606800	3100	1200	0.3870967741935484
646			32749800	3100	600	0.1935483870967742
647			19774200	2600	600	0.23076923076923078
648			111794800	6600	1300	0.19696969696969696
649			45622100	3400	600	0.17647058823529413
650			19010100	1400	500	0.35714285714285715
651			18049200	2100	500	0.23809523809523808
652			9358400	800	600	0.75
653			2625700	1000	500	0.5
654			8654600	1800	500	0.2777777777777778
655			44117200	3600	500	0.1388888888888889
656			19053600	1200	500	0.4166666666666667
657			32039800	3100	600	0.1935483870967742
658			35934100	3300	500	0.15151515151515152
659			33519600	3100	400	0.12903225806451613
660			14553900	1100	500	0.45454545454545453
661			9058100	1100	500	0.45454545454545453
662			6389700	1100	500	0.45454545454545453
663			6692000	800	800	1.0
664			4274600	1000	500	0.5
665			15592200	2300	400	0.17391304347826086
666			31635500	1300	600	0.46153846153846156
667			9622100	900	500	0.5555555555555556
668			19653100	1100	1000	0.9090909090909091
669			53006800	5700	700	0.12280701754385964
670			49948300	2900	600	0.20689655172413793
671			19122700	6400	1100	0.171875
672			31481200	2900	900	0.3103448275862069
673			67148800	3200	1000	0.3125
674			4051400	1900	400	0.21052631578947367
675			21963600	2400	700	0.2916666666666667
676			29352200	3900	600	0.15384615384615385
677			3983400	600	1100	1.8333333333333333
678			55677300	3500	700	0.2
679			2290200	900	500	0.5555555555555556
680			10053400	4300	500	0.11627906976744186
681			4854700	900	400	0.4444444444444444
682			5431200	800	500	0.625
683			2158200	1300	500	0.38461538461538464
684			39321900	2800	600	0.21428571428571427
685			36780400	2200	500	0.22727272727272727
686			33224800	1400	500	0.35714285714285715
687			53984200	4700	600	0.1276595744680851
688			14119200	900	400	0.4444444444444444
689			6286800	1100	600	0.5454545454545454
690			40447600	4100	500	0.12195121951219512
691			18746200	2100	500	0.23809523809523808
692			9124200	900	600	0.6666666666666666
693			18343300	1000	500	0.5
694			7133300	1300	500	0.38461538461538464
695			41994800	3400	600	0.17647058823529413
696			39307200	1600	500	0.3125
697			1990200	1100	500	0.45454545454545453
698			26202600	2500	500	0.2
699			58851300	3400	600	0.17647058823529413
700			9166200	1400	400	0.2857142857142857
701			26924800	1600	500	0.3125
702			2460500	1300	500	0.38461538461538464
703			16317400	1600	500	0.3125
704			30803700	2600	500	0.19230769230769232
705			2319700	600	500	0.8333333333333334
706			42207100	3000	700	0.23333333333333334
707			23900300	3500	1000	0.2857142857142857
708			4541400	1000	500	0.5
709			3845200	900	600	0.6666666666666666
710			11045300	1300	400	0.3076923076923077
711			100406500	5600	800	0.14285714285714285
712			24958800	5800	600	0.10344827586206896
713			11779100	5200	700	0.1346153846153846
714			24146100	5000	600	0.12
715			57690200	5400	1600	0.2962962962962963
716			19585900	4700	500	0.10638297872340426
717			32387100	5700	600	0.10526315789473684
718			118054100	6500	800	0.12307692307692308
719			5396000	4800	600	0.125
720			6736200	5000	500	0.1
721			48494000	5700	800	0.14035087719298245
722			14959800	5400	1000	0.18518518518518517
723			34219000	5200	600	0.11538461538461539
724			13531700	5400	900	0.16666666666666666
725			6269100	3600	500	0.1388888888888889
726			66528000	6200	900	0.14516129032258066
727			51999100	3400	700	0.20588235294117646
728			6262100	5200	500	0.09615384615384616
729			43059700	4800	600	0.125
730			64084600	5300	1300	0.24528301886792453
731			55512600	18500	17800	0.9621621621621622
732			77054000	3900	500	0.1282051282051282
733			18680100	800	500	0.625
734			11298700	1700	600	0.35294117647058826
735			7167800	1000	500	0.5
736			27054100	1300	500	0.38461538461538464
737			89443900	5300	700	0.1320754716981132
738			104843400	7000	1300	0.18571428571428572
739			38178400	5500	700	0.12727272727272726
740			70332900	10300	2400	0.23300970873786409
741			2343100	6000	500	0.08333333333333333
742			39616900	3800	600	0.15789473684210525
743			23136500	2200	600	0.2727272727272727
744			35474400	3200	500	0.15625
745			18522900	1700	500	0.29411764705882354
746			55235400	4200	700	0.16666666666666666
747			6776100	1500	700	0.4666666666666667
748			16662500	3100	500	0.16129032258064516
749			2432200	900	500	0.5555555555555556
750			18790900	3200	500	0.15625
751			23029900	3100	500	0.16129032258064516
752			14263000	1200	400	0.3333333333333333
753			11387300	1200	500	0.4166666666666667
754			60534200	3300	500	0.15151515151515152
755			22066200	1500	500	0.3333333333333333
756			7585900	900	400	0.4444444444444444
757			5393000	700	500	0.7142857142857143
758			16415200	1800	400	0.2222222222222222
759			3079400	700	700	1.0
760			11936100	900	700	0.7777777777777778
761			12516800	800	500	0.625
762			12942100	1000	600	0.6
763			148741400	5600	600	0.10714285714285714
764			80984700	6000	600	0.1
765			21416500	3200	400	0.125
766			30262900	3600	500	0.1388888888888889
767			18160000	1200	400	0.3333333333333333
768			23890800	1500	500	0.3333333333333333
769			58652000	3400	500	0.14705882352941177
770			6881600	900	600	0.6666666666666666
771			7733300	800	500	0.625
772			14080700	700	500	0.7142857142857143
773			55623200	3500	500	0.14285714285714285
774			25105300	1900	500	0.2631578947368421
775			42388800	4200	1400	0.3333333333333333
776			21652800	1600	500	0.3125
777			22807200	2900	600	0.20689655172413793
778			17060900	1100	500	0.45454545454545453
779			28560300	4000	500	0.125
780			12746600	1000	500	0.5
781			6320800	1400	500	0.35714285714285715
782			21887100	4700	1000	0.2127659574468085
783			55824900	5200	1500	0.28846153846153844
784			5027500	5400	500	0.09259259259259259
785			15040800	5800	500	0.08620689655172414
786			32158800	5500	700	0.12727272727272726
787			18919800	3300	500	0.15151515151515152
788			88117000	5200	900	0.17307692307692307
789			4307200	5700	700	0.12280701754385964
790			112363000	5300	1400	0.2641509433962264
791			12870500	3200	600	0.1875
792			23421100	5700	500	0.08771929824561403
793			11055900	3900	800	0.20512820512820512
794			26232600	4300	900	0.20930232558139536
795			13013800	3600	800	0.2222222222222222
796			2258300	2100	800	0.38095238095238093
797			67561300	5900	1800	0.3050847457627119
798			9726700	4100	700	0.17073170731707318
799			21237900	2900	500	0.1724137931034483
800			6786000	1000	500	0.5
801			9013800	1100	1000	0.9090909090909091
802			27917900	2400	500	0.20833333333333334
803			52230300	5000	600	0.12
804			25562300	3800	1000	0.2631578947368421
805			6849700	2500	600	0.24
806			38413600	3200	500	0.15625
807			16344400	1400	400	0.2857142857142857
808			290204200	3200	800	0.25
809			66642100	4500	700	0.15555555555555556
810			9403600	1400	600	0.42857142857142855
811			28549600	1200	600	0.5
812			5962600	3200	600	0.1875
813			22783300	3600	600	0.16666666666666666
814			6204300	5300	500	0.09433962264150944
815			22507000	2400	500	0.20833333333333334
816			9739400	1500	1000	0.6666666666666666
817			15653800	1000	500	0.5
818			73763300	3700	1000	0.2702702702702703
819			89173100	3300	600	0.18181818181818182
820			6723300	1200	600	0.5
821			10614400	1100	500	0.45454545454545453
822			51109500	3500	600	0.17142857142857143
823			6182400	3000	500	0.16666666666666666
824			7726000	1400	600	0.42857142857142855
825			17705400	1000	500	0.5
826			7464100	1000	400	0.4
827			12257300	1300	500	0.38461538461538464
828			11547200	800	400	0.5
829			16856600	1800	900	0.5
830			28597700	2100	500	0.23809523809523808
831			10874800	1900	500	0.2631578947368421
832			6893100	900	400	0.4444444444444444
833			16512400	1700	400	0.23529411764705882
834			29975100	1400	600	0.42857142857142855
835			13018100	1200	500	0.4166666666666667
836			20798900	1200	600	0.5
837			3461100	1000	600	0.6
838			59221800	2500	700	0.28
839			13494600	800	500	0.625
840			16947600	1300	500	0.38461538461538464
841			59282000	3600	600	0.16666666666666666
842			9412700	2300	500	0.21739130434782608
843			12191900	2400	600	0.25
844			93700100	3200	600	0.1875
845			8711600	800	400	0.5
846			45835700	2900	700	0.2413793103448276
847			2428100	1000	500	0.5
848			11020300	1700	400	0.23529411764705882
849			14436300	2100	700	0.3333333333333333
850			31363000	1200	600	0.5
851			27475600	1700	500	0.29411764705882354
852			4516800	700	500	0.7142857142857143
853			52537000	3700	500	0.13513513513513514
854			11011300	800	1000	1.25
855			19913900	3200	600	0.1875
856			132107900	3500	700	0.2
857			8144000	700	400	0.5714285714285714
858			59619200	3100	600	0.1935483870967742
859			6921100	800	400	0.5
860			6659000	600	500	0.8333333333333334
861			1730000	1000	500	0.5
862			74132700	3300	600	0.18181818181818182
863			34368400	2600	500	0.19230769230769232
864			3520800	1100	500	0.45454545454545453
865			3236300	800	500	0.625
866			18163800	900	500	0.5555555555555556
867			20476800	900	400	0.4444444444444444
868			6854700	900	400	0.4444444444444444
869			10390300	700	400	0.5714285714285714
870			50795200	4500	600	0.13333333333333333
871			38102500	3400	500	0.14705882352941177
872			21538400	4000	500	0.125
873			29002700	2300	600	0.2608695652173913
874			18854300	1300	900	0.6923076923076923
875			10166300	1000	500	0.5
876			14232400	800	500	0.625
877			8608100	800	600	0.75
878			17840200	3200	500	0.15625
879			1874900	3200	500	0.15625
880			9649100	1800	600	0.3333333333333333
881			9449300	1000	500	0.5
882			2305800	1200	500	0.4166666666666667
883			16480100	1100	400	0.36363636363636365
884			4550700	1000	400	0.4
885			15084800	1100	500	0.45454545454545453
886			11921400	900	500	0.5555555555555556
887			7870700	900	500	0.5555555555555556
888			34495700	3700	500	0.13513513513513514
889			55437600	3100	700	0.22580645161290322
890			42633100	3200	700	0.21875
891			25599800	1500	500	0.3333333333333333
892			24056300	900	500	0.5555555555555556
893			41666400	3100	500	0.16129032258064516
894			3248400	5200	500	0.09615384615384616
895			13718800	1000	500	0.5
896			39858500	3200	500	0.15625
897			21144200	1300	600	0.46153846153846156
898			6898200	1000	400	0.4
899			15069200	900	500	0.5555555555555556
900			6390100	900	600	0.6666666666666666
901			15515300	1700	500	0.29411764705882354
902			31961200	1400	600	0.42857142857142855
903			12033500	1800	500	0.2777777777777778
904			16682900	1100	500	0.45454545454545453
905			60262400	3200	600	0.1875
906			10471100	3000	500	0.16666666666666666
907			7751200	5600	400	0.07142857142857142
908			16396800	3300	700	0.21212121212121213
909			8419400	800	900	1.125
910			24716400	1300	900	0.6923076923076923
911			11736500	1000	500	0.5
912			11669400	1000	800	0.8
913			7779300	1100	600	0.5454545454545454
914			16276700	1400	500	0.35714285714285715
915			2022500	600	500	0.8333333333333334
916			37723800	3400	600	0.17647058823529413
917			2195300	1000	400	0.4
918			30389400	1700	600	0.35294117647058826
919			11649000	1600	500	0.3125
920			14862600	1100	500	0.45454545454545453
921			25201300	2500	600	0.24
922			13764200	2100	500	0.23809523809523808
923			14711100	900	600	0.6666666666666666
924			54271700	4600	1500	0.32608695652173914
925			31815000	3600	500	0.1388888888888889
926			17196500	3700	600	0.16216216216216217
927			19438100	1400	600	0.42857142857142855
928			6230200	1200	500	0.4166666666666667
929			3381900	600	1100	1.8333333333333333
930			24735800	1700	500	0.29411764705882354
931			8317600	900	500	0.5555555555555556
932			27471100	2500	500	0.2
933			27465600	1400	400	0.2857142857142857
934			9750600	1900	500	0.2631578947368421
935			25409900	1500	500	0.3333333333333333
936			17584400	1300	600	0.46153846153846156
937			21338700	2600	600	0.23076923076923078
938			7652900	800	500	0.625
939			3761100	1000	400	0.4
940			1910700	800	400	0.5
941			5809100	900	400	0.4444444444444444
942			5072200	700	500	0.7142857142857143
943			27779600	1900	500	0.2631578947368421
944			5160700	600	500	0.8333333333333334
945			3327700	1000	500	0.5
946			14991100	4200	500	0.11904761904761904
947			2523500	1000	400	0.4
948			3894800	3500	500	0.14285714285714285
949			2923700	5200	500	0.09615384615384616
950			23334000	1500	500	0.3333333333333333
951			18419600	1300	1200	0.9230769230769231
952			23238100	1600	700	0.4375
953			11688200	900	500	0.5555555555555556
954			11726700	1100	400	0.36363636363636365
955			9864900	1000	400	0.4
956			9060000	900	600	0.6666666666666666
957			3338600	1000	400	0.4
958			2698500	900	500	0.5555555555555556
959			2298000	1000	400	0.4
960			17866400	1100	500	0.45454545454545453
961			14535400	1200	1000	0.8333333333333334
962			24174200	1700	500	0.29411764705882354
963			23414100	2500	500	0.2
964			31423700	3200	600	0.1875
965			5468200	700	600	0.8571428571428571
966			21091700	1800	500	0.2777777777777778
967			11511600	1400	500	0.35714285714285715
968			26484300	1400	500	0.35714285714285715
969			6504000	3600	500	0.1388888888888889
970			52880600	3600	500	0.1388888888888889
971			6236000	1100	500	0.45454545454545453
972			5411100	800	1200	1.5
973			23081700	1900	500	0.2631578947368421
974			8379400	1000	28000	28.0
975			4521300	800	400	0.5
976			27489300	1700	500	0.29411764705882354
977			58427200	2500	500	0.2
978			29848400	1200	500	0.4166666666666667
979			10754100	1500	500	0.3333333333333333
980			4904900	1100	500	0.45454545454545453
981			12623100	3300	500	0.15151515151515152
982			19795000	3700	700	0.1891891891891892
983			6713000	1300	400	0.3076923076923077
984			4527000	1000	500	0.5
985			10575700	1000	500	0.5
986			23417500	1400	500	0.35714285714285715
987			27837700	1000	500	0.5
988			4206500	1000	400	0.4
989			19803500	5600	1200	0.21428571428571427
990			15306500	2100	600	0.2857142857142857
991			37882800	2800	500	0.17857142857142858
992			33463600	1100	900	0.8181818181818182
993			29389400	3200	500	0.15625
994			8281000	900	500	0.5555555555555556
995			2076900	3800	1100	0.2894736842105263
996			10714900	1100	500	0.45454545454545453
997			4776000	1000	400	0.4
998			104746900	3400	700	0.20588235294117646
999			8430000	3500	500	0.14285714285714285
1000			99492000	3800	800	0.21052631578947367
Tot :			---	3802.9	1198.4	0.4218661877897214

Process finished with exit code 0
