Nombre de noeuds : 10
Nombre d'essais : 1000
NbNoeuds	TpsGene	TpsBF	TpsDj	RatioAlgos
1			12126700	92600	9500	0.10259179265658748
2			495400	7900	6100	0.7721518987341772
3			2763200	6600	4600	0.696969696969697
4			966000	5300	3700	0.6981132075471698
5			1777700	7100	4000	0.5633802816901409
6			1270200	4900	17400	3.5510204081632653
7			1545100	5800	5300	0.9137931034482759
8			307700	4800	6700	1.3958333333333333
9			526300	4700	4100	0.8723404255319149
10			1028200	5400	4700	0.8703703703703703
11			173600	4500	4400	0.9777777777777777
12			780400	4500	4500	1.0
13			199000	4600	4100	0.8913043478260869
14			821600	3900	2300	0.5897435897435898
15			181700	2500	2400	0.96
16			99100	3800	2100	0.5526315789473685
17			208000	2600	2200	0.8461538461538461
18			229300	2400	2400	1.0
19			154600	2600	2300	0.8846153846153846
20			151400	2500	2300	0.92
21			354300	2800	2700	0.9642857142857143
22			218500	2600	2100	0.8076923076923077
23			157500	2600	2000	0.7692307692307693
24			220400	2500	2300	0.92
25			221400	2600	2000	0.7692307692307693
26			199300	2500	3900	1.56
27			428500	2500	1900	0.76
28			190500	2800	2400	0.8571428571428571
29			218900	2700	2400	0.8888888888888888
30			381300	2600	2300	0.8846153846153846
31			431200	2600	6000	2.3076923076923075
32			176800	2600	2500	0.9615384615384616
33			272700	2700	2300	0.8518518518518519
34			240500	2500	2400	0.96
35			340100	2400	1800	0.75
36			236900	2600	2500	0.9615384615384616
37			202100	2500	1900	0.76
38			246200	2600	1800	0.6923076923076923
39			159200	2400	2500	1.0416666666666667
40			198400	2300	2400	1.0434782608695652
41			171700	2300	2100	0.9130434782608695
42			94400	2400	3600	1.5
43			317200	2400	2000	0.8333333333333334
44			243000	2200	1800	0.8181818181818182
45			264700	2700	1900	0.7037037037037037
46			193800	2300	2000	0.8695652173913043
47			158900	2200	1800	0.8181818181818182
48			129100	2200	1700	0.7727272727272727
49			252700	2300	1700	0.7391304347826086
50			190100	2300	2300	1.0
51			145000	2200	2100	0.9545454545454546
52			194600	2200	1900	0.8636363636363636
53			165900	2300	2000	0.8695652173913043
54			143400	2300	2000	0.8695652173913043
55			358700	2200	2200	1.0
56			298200	2300	1800	0.782608695652174
57			355900	2400	2200	0.9166666666666666
58			168600	2400	2000	0.8333333333333334
59			156200	2200	2100	0.9545454545454546
60			255900	2300	1800	0.782608695652174
61			11363600	6200	2300	0.3709677419354839
62			224900	2300	1900	0.8260869565217391
63			100400	2000	1700	0.85
64			191500	2300	5400	2.347826086956522
65			192800	2500	2300	0.92
66			108800	2400	2200	0.9166666666666666
67			331500	2300	1800	0.782608695652174
68			126500	2300	1800	0.782608695652174
69			134900	2200	1500	0.6818181818181818
70			182600	1900	8700	4.578947368421052
71			156900	2300	1800	0.782608695652174
72			167100	2400	1900	0.7916666666666666
73			124400	1900	1800	0.9473684210526315
74			118900	1800	1700	0.9444444444444444
75			236700	2100	1900	0.9047619047619048
76			213900	2000	1600	0.8
77			104600	1900	1600	0.8421052631578947
78			156700	1900	1600	0.8421052631578947
79			104900	1800	1600	0.8888888888888888
80			120000	2200	2200	1.0
81			82000	3000	1700	0.5666666666666667
82			324500	2300	1700	0.7391304347826086
83			130400	1800	2500	1.3888888888888888
84			185900	3700	2200	0.5945945945945946
85			317300	2400	2100	0.875
86			90300	2000	1700	0.85
87			117300	1900	1700	0.8947368421052632
88			99200	2000	1700	0.85
89			117100	1900	1900	1.0
90			146000	1900	1700	0.8947368421052632
91			110200	1900	1500	0.7894736842105263
92			127400	1900	1600	0.8421052631578947
93			86900	1800	1600	0.8888888888888888
94			143300	1800	1700	0.9444444444444444
95			82200	1800	1600	0.8888888888888888
96			114000	1900	1700	0.8947368421052632
97			218600	1900	1600	0.8421052631578947
98			114000	1900	1600	0.8421052631578947
99			146300	1800	1600	0.8888888888888888
100			106200	2000	2500	1.25
101			651200	2200	1800	0.8181818181818182
102			196400	2000	1800	0.9
103			137300	4300	1900	0.4418604651162791
104			1660700	3500	1900	0.5428571428571428
105			219400	2400	1900	0.7916666666666666
106			145000	2400	1800	0.75
107			102800	2000	13000	6.5
108			178000	2600	2900	1.1153846153846154
109			79100	2400	1900	0.7916666666666666
110			98400	2200	1800	0.8181818181818182
111			107000	2400	1800	0.75
112			92400	1900	1700	0.8947368421052632
113			126600	1900	1700	0.8947368421052632
114			175000	1900	1600	0.8421052631578947
115			93500	2000	1700	0.85
116			85600	1900	1700	0.8947368421052632
117			141200	2000	1700	0.85
118			137700	8200	3600	0.43902439024390244
119			72700	2100	1900	0.9047619047619048
120			154200	2100	1900	0.9047619047619048
121			120600	2400	1800	0.75
122			68200	1800	1700	0.9444444444444444
123			69700	2100	1700	0.8095238095238095
124			60700	2000	1700	0.85
125			124800	2100	1800	0.8571428571428571
126			98100	2000	1800	0.9
127			75000	2000	1800	0.9
128			92100	2000	2738900	1369.45
129			150100	40300	1400	0.034739454094292806
130			120600	1400	700	0.5
131			165400	1000	700	0.7
132			70000	1000	700	0.7
133			133300	1100	1000	0.9090909090909091
134			92300	1000	1000	1.0
135			77100	900	800	0.8888888888888888
136			76900	900	800	0.8888888888888888
137			131800	1200	800	0.6666666666666666
138			147900	1200	700	0.5833333333333334
139			146000	1300	700	0.5384615384615384
140			95500	1000	700	0.7
141			86000	1000	700	0.7
142			99400	1000	700	0.7
143			51900	1000	600	0.6
144			80100	1000	600	0.6
145			62800	1500	700	0.4666666666666667
146			159000	1600	1300	0.8125
147			94400	1500	1300	0.8666666666666667
148			164600	1600	600	0.375
149			109800	1300	900	0.6923076923076923
150			116900	2300	800	0.34782608695652173
151			75800	1100	800	0.7272727272727273
152			99500	1100	700	0.6363636363636364
153			75200	2700	1200	0.4444444444444444
154			57200	1300	800	0.6153846153846154
155			76200	1000	1000	1.0
156			80000	1000	900	0.9
157			90800	1200	800	0.6666666666666666
158			131700	1100	700	0.6363636363636364
159			59900	1100	800	0.7272727272727273
160			52200	1100	700	0.6363636363636364
161			54300	1000	600	0.6
162			145200	1100	600	0.5454545454545454
163			127700	900	800	0.8888888888888888
164			100500	1000	700	0.7
165			161100	1000	600	0.6
166			78600	1100	600	0.5454545454545454
167			615900	2100	600	0.2857142857142857
168			73500	900	600	0.6666666666666666
169			96200	900	900	1.0
170			99500	1200	600	0.5
171			85200	900	600	0.6666666666666666
172			128200	900	600	0.6666666666666666
173			83100	900	700	0.7777777777777778
174			76300	900	700	0.7777777777777778
175			102500	800	600	0.75
176			76900	800	700	0.875
177			57700	700	700	1.0
178			109000	900	700	0.7777777777777778
179			190700	1000	600	0.6
180			57900	800	600	0.75
181			127400	1000	700	0.7
182			84100	900	500	0.5555555555555556
183			91200	800	600	0.75
184			84000	900	600	0.6666666666666666
185			140500	900	700	0.7777777777777778
186			69400	900	600	0.6666666666666666
187			94200	1200	700	0.5833333333333334
188			94000	1000	700	0.7
189			91300	2100	700	0.3333333333333333
190			147500	1300	700	0.5384615384615384
191			50600	1000	700	0.7
192			87900	489100	4900	0.01001840114496013
193			106300	14000	500	0.03571428571428571
194			120100	400	300	0.75
195			56600	400	200	0.5
196			76900	300	300	1.0
197			80200	300	300	1.0
198			95000	300	300	1.0
199			102900	300	200	0.6666666666666666
200			384700	1400	400	0.2857142857142857
201			132900	600	21300	35.5
202			94400	500	300	0.6
203			81200	400	300	0.75
204			116300	300	300	1.0
205			83100	300	300	1.0
206			162900	300	400	1.3333333333333333
207			64700	400	200	0.5
208			77500	2300	300	0.13043478260869565
209			137700	400	300	0.75
210			142100	400	300	0.75
211			69400	300	300	1.0
212			47800	400	300	0.75
213			125000	400	300	0.75
214			73700	300	300	1.0
215			72600	400	300	0.75
216			54300	300	200	0.6666666666666666
217			84800	400	300	0.75
218			145100	400	300	0.75
219			61100	400	200	0.5
220			163100	400	300	0.75
221			79800	400	300	0.75
222			62000	400	300	0.75
223			84600	300	300	1.0
224			208000	300	300	1.0
225			129500	300	300	1.0
226			50900	300	300	1.0
227			57500	300	300	1.0
228			65400	300	300	1.0
229			88200	400	300	0.75
230			54100	300	300	1.0
231			75700	800	300	0.375
232			81100	400	300	0.75
233			77200	400	200	0.5
234			127300	300	200	0.6666666666666666
235			94800	300	300	1.0
236			59800	300	200	0.6666666666666666
237			107300	600	300	0.5
238			75100	500	300	0.6
239			143900	300	300	1.0
240			115100	400	300	0.75
241			99900	600	300	0.5
242			122300	400	200	0.5
243			108500	300	300	1.0
244			139100	400	300	0.75
245			142800	400	300	0.75
246			75500	700	300	0.42857142857142855
247			107600	400	300	0.75
248			60200	600	300	0.5
249			167800	400	200	0.5
250			57700	300	300	1.0
251			70600	300	300	1.0
252			99800	300	300	1.0
253			103000	400	200	0.5
254			25962200	2900	400	0.13793103448275862
255			55000	400	300	0.75
256			61700	800	600	0.75
257			46991000	2800	400	0.14285714285714285
258			46100	400	300	0.75
259			56700	600	300	0.5
260			144000	500	300	0.6
261			51700	400	200	0.5
262			59000	300	300	1.0
263			65100	300	300	1.0
264			84700	400	300	0.75
265			43600	400	300	0.75
266			46400	300	300	1.0
267			45600	300	300	1.0
268			56800	500	300	0.6
269			69500	400	300	0.75
270			93100	400	200	0.5
271			82800	400	200	0.5
272			47400	1000	300	0.3
273			72300	400	200	0.5
274			40600	400	200	0.5
275			60200	300	300	1.0
276			81000	400	200	0.5
277			85800	400	300	0.75
278			37300	400	300	0.75
279			75900	400	300	0.75
280			43600	400	300	0.75
281			62300	300	300	1.0
282			109800	400	200	0.5
283			111200	400	200	0.5
284			47500	400	200	0.5
285			75300	300	300	1.0
286			55300	400	200	0.5
287			126400	400	400	1.0
288			72200	300	200	0.6666666666666666
289			84000	300	300	1.0
290			1498300	2500	400	0.16
291			66000	300	300	1.0
292			63000	300	400	1.3333333333333333
293			134200	400	300	0.75
294			329400	700	300	0.42857142857142855
295			129200	300	300	1.0
296			61900	300	300	1.0
297			68800	300	200	0.6666666666666666
298			33500	300	300	1.0
299			42300	300	200	0.6666666666666666
300			38500	300	300	1.0
301			97300	400	200	0.5
302			40000	500	300	0.6
303			28200	300	200	0.6666666666666666
304			89300	300	200	0.6666666666666666
305			54200	400	300	0.75
306			50000	400	200	0.5
307			33400	400	200	0.5
308			86300	400	300	0.75
309			92700	400	400	1.0
310			61100	400	200	0.5
311			47400	300	300	1.0
312			152300	300	300	1.0
313			29100	300	300	1.0
314			46200	400	300	0.75
315			48300	400	200	0.5
316			29200	400	200	0.5
317			36200	300	300	1.0
318			78400	400	300	0.75
319			48700	300	300	1.0
320			44800	400	300	0.75
321			44300	300	300	1.0
322			38900	400	200	0.5
323			127300	500	300	0.6
324			26100	300	300	1.0
325			73100	300	200	0.6666666666666666
326			105000	400	300	0.75
327			51800	400	300	0.75
328			69400	700	300	0.42857142857142855
329			39800	400	300	0.75
330			83600	400	300	0.75
331			43800	400	300	0.75
332			50700	400	200	0.5
333			71000	300	200	0.6666666666666666
334			38600	400	300	0.75
335			49300	400	200	0.5
336			29900	300	200	0.6666666666666666
337			62000	300	300	1.0
338			135000	300	300	1.0
339			38200	300	200	0.6666666666666666
340			40400	400	200	0.5
341			87400	400	300	0.75
342			51800	300	200	0.6666666666666666
343			63600	300	200	0.6666666666666666
344			47400	400	200	0.5
345			63300	300	300	1.0
346			52700	300	300	1.0
347			34700	300	200	0.6666666666666666
348			40700	400	300	0.75
349			71700	300	200	0.6666666666666666
350			76500	300	200	0.6666666666666666
351			60500	300	200	0.6666666666666666
352			34300	300	300	1.0
353			26200	300	200	0.6666666666666666
354			24300	300	300	1.0
355			103000	300	200	0.6666666666666666
356			26500	400	200	0.5
357			44400	3600	400	0.1111111111111111
358			99400	300	300	1.0
359			47600	300	300	1.0
360			139900	300	300	1.0
361			43700	300	300	1.0
362			69700	300	200	0.6666666666666666
363			57500	300	300	1.0
364			74100	300	300	1.0
365			37300	300	300	1.0
366			59300	300	200	0.6666666666666666
367			72300	600	300	0.5
368			37194400	2700	300	0.1111111111111111
369			48700	500	300	0.6
370			34600	300	200	0.6666666666666666
371			60500	400	300	0.75
372			41900	300	200	0.6666666666666666
373			57000	1700	300	0.17647058823529413
374			50700	1700	500	0.29411764705882354
375			174400	1200	1700	1.4166666666666667
376			193000	600	400	0.6666666666666666
377			64800	700	300	0.42857142857142855
378			69600	700	300	0.42857142857142855
379			43600	300	200	0.6666666666666666
380			55200	1500	400	0.26666666666666666
381			32800	900	300	0.3333333333333333
382			143400	600	700	1.1666666666666667
383			57100	700	300	0.42857142857142855
384			43600	2600	400	0.15384615384615385
385			30300	400	200	0.5
386			39800	400	300	0.75
387			215700	300	300	1.0
388			49900	300	200	0.6666666666666666
389			70100	300	300	1.0
390			114600	700	600	0.8571428571428571
391			33900	400	500	1.25
392			39000	500	300	0.6
393			66800	600	200	0.3333333333333333
394			39300	300	300	1.0
395			65100	300	200	0.6666666666666666
396			34700	300	300	1.0
397			41700	300	300	1.0
398			87400	300	200	0.6666666666666666
399			59100	300	300	1.0
400			73000	300	200	0.6666666666666666
401			98400	700	400	0.5714285714285714
402			54400	500	500	1.0
403			71100	500	4600	9.2
404			40800	500	200	0.4
405			76500	500	400	0.8
406			201400	500	400	0.8
407			43200	500	300	0.6
408			108000	500	500	1.0
409			67000	600	500	0.8333333333333334
410			126400	600	500	0.8333333333333334
411			97000	500	300	0.6
412			87400	500	400	0.8
413			168200	500	400	0.8
414			66900	500	300	0.6
415			47400	600	200	0.3333333333333333
416			108300	500	200	0.4
417			61700	500	500	1.0
418			129400	600	400	0.6666666666666666
419			42000	400	500	1.25
420			52400	500	300	0.6
421			213600	800	300	0.375
422			81100	500	500	1.0
423			121400	500	500	1.0
424			53500	500	400	0.8
425			44600	500	300	0.6
426			106900	700	400	0.5714285714285714
427			91700	500	400	0.8
428			56700	500	200	0.4
429			69500	500	400	0.8
430			95700	500	400	0.8
431			83300	500	400	0.8
432			80600	500	400	0.8
433			73100	500	400	0.8
434			54900	500	400	0.8
435			115900	500	400	0.8
436			58400	500	500	1.0
437			61700	500	400	0.8
438			79200	500	500	1.0
439			60700	500	500	1.0
440			72700	500	500	1.0
441			74800	400	5000	12.5
442			106600	600	300	0.5
443			67900	500	300	0.6
444			64300	500	500	1.0
445			103400	500	200	0.4
446			68900	400	300	0.75
447			76200	500	500	1.0
448			46000	500	500	1.0
449			76400	500	200	0.4
450			46000	400	500	1.25
451			59500	500	300	0.6
452			64500	500	200	0.4
453			44000	500	500	1.0
454			140200	500	500	1.0
455			65800	500	400	0.8
456			128800	500	300	0.6
457			53500	500	400	0.8
458			60000	500	200	0.4
459			917900	1900	500	0.2631578947368421
460			69400	500	500	1.0
461			46400	500	500	1.0
462			29400	500	300	0.6
463			49500	600	400	0.6666666666666666
464			47500	500	500	1.0
465			153600	500	500	1.0
466			63800	500	500	1.0
467			115000	500	500	1.0
468			59000	500	400	0.8
469			37400	500	400	0.8
470			93300	500	300	0.6
471			52700	500	600	1.2
472			125800	400	600	1.5
473			106600	400	300	0.75
474			36800	500	500	1.0
475			54700	500	300	0.6
476			84600	500	500	1.0
477			51900	500	400	0.8
478			354900	500	200	0.4
479			52400	500	400	0.8
480			73900	500	500	1.0
481			29900	600	400	0.6666666666666666
482			76100	500	500	1.0
483			49800	600	500	0.8333333333333334
484			75100	500	400	0.8
485			60200	400	300	0.75
486			48100	500	400	0.8
487			46100	500	400	0.8
488			53600	500	300	0.6
489			53100	500	300	0.6
490			52800	400	300	0.75
491			64500	500	200	0.4
492			40600	500	500	1.0
493			56200	500	500	1.0
494			36000	500	300	0.6
495			87700	500	4800	9.6
496			87600	500	200	0.4
497			56400	500	300	0.6
498			85100	400	500	1.25
499			80100	400	300	0.75
500			49400	500	200	0.4
501			54000	500	500	1.0
502			26100	400	400	1.0
503			190700	500	500	1.0
504			56300	500	300	0.6
505			150000	500	400	0.8
506			59100	500	500	1.0
507			91900	500	500	1.0
508			49200	500	500	1.0
509			54700	1100	400	0.36363636363636365
510			50300	500	300	0.6
511			43100	500	500	1.0
512			54700	400	300	0.75
513			199100	400	300	0.75
514			135500	500	300	0.6
515			47200	400	400	1.0
516			39500	400	200	0.5
517			46000	500	300	0.6
518			47900	500	600	1.2
519			201300	500	500	1.0
520			67600	500	300	0.6
521			36300	500	400	0.8
522			46200	600	300	0.5
523			62600	500	500	1.0
524			64900	700	500	0.7142857142857143
525			98000	400	500	1.25
526			115900	500	200	0.4
527			70800	500	400	0.8
528			80000	500	4600	9.2
529			52200	400	400	1.0
530			122100	400	500	1.25
531			68400	500	500	1.0
532			70400	400	500	1.25
533			50400	500	500	1.0
534			60000	500	400	0.8
535			42900	500	500	1.0
536			103700	500	300	0.6
537			86400	4600	300	0.06521739130434782
538			76200	700	200	0.2857142857142857
539			67600	600	300	0.5
540			77600	500	300	0.6
541			69600	500	300	0.6
542			1455300	1300	500	0.38461538461538464
543			281400	800	300	0.375
544			89600	500	200	0.4
545			122800	500	400	0.8
546			54600	400	200	0.5
547			55900	500	300	0.6
548			135900	600	200	0.3333333333333333
549			114100	600	500	0.8333333333333334
550			81900	500	200	0.4
551			71400	500	500	1.0
552			61900	500	500	1.0
553			67900	500	200	0.4
554			63400	500	300	0.6
555			88200	500	400	0.8
556			147400	500	200	0.4
557			91200	500	600	1.2
558			243300	500	300	0.6
559			40600	500	300	0.6
560			94600	500	300	0.6
561			105800	500	400	0.8
562			42200	500	200	0.4
563			78300	500	300	0.6
564			61800	500	500	1.0
565			254100	500	500	1.0
566			57900	500	300	0.6
567			103100	4400	300	0.06818181818181818
568			192800	500	400	0.8
569			66400	500	400	0.8
570			54100	500	400	0.8
571			35300	4700	300	0.06382978723404255
572			56300	500	300	0.6
573			120200	700	400	0.5714285714285714
574			38200	500	500	1.0
575			45600	500	200	0.4
576			45900	500	500	1.0
577			92800	500	300	0.6
578			183900	400	300	0.75
579			46200	400	500	1.25
580			79600	500	500	1.0
581			59200	500	300	0.6
582			73900	600	300	0.5
583			136200	500	300	0.6
584			87600	400	500	1.25
585			833200	1500	300	0.2
586			128600	900	300	0.3333333333333333
587			36200	400	400	1.0
588			44500	500	500	1.0
589			93000	500	400	0.8
590			94600	500	500	1.0
591			66600	500	200	0.4
592			70000	500	400	0.8
593			63900	500	300	0.6
594			161100	500	500	1.0
595			63600	500	500	1.0
596			92800	4500	300	0.06666666666666667
597			57300	500	200	0.4
598			146100	500	300	0.6
599			87400	500	300	0.6
600			94000	500	300	0.6
601			66000	500	500	1.0
602			53800	400	300	0.75
603			86400	500	300	0.6
604			51300	400	400	1.0
605			64000	500	200	0.4
606			48500	900	500	0.5555555555555556
607			53500	500	10200	20.4
608			80700	500	300	0.6
609			87500	500	400	0.8
610			114700	500	300	0.6
611			68300	500	300	0.6
612			69300	500	200	0.4
613			107100	500	500	1.0
614			55000	500	300	0.6
615			89100	600	400	0.6666666666666666
616			72900	400	400	1.0
617			71700	500	500	1.0
618			34700	500	200	0.4
619			54600	500	300	0.6
620			33500	500	400	0.8
621			75900	600	300	0.5
622			52000	400	300	0.75
623			35600	500	500	1.0
624			85300	500	300	0.6
625			100300	500	400	0.8
626			89600	600	400	0.6666666666666666
627			77200	500	300	0.6
628			61900	500	400	0.8
629			65900	500	300	0.6
630			78200	500	500	1.0
631			64600	500	400	0.8
632			64000	500	300	0.6
633			51400	500	400	0.8
634			42400	500	300	0.6
635			101900	600	300	0.5
636			89300	500	200	0.4
637			100900	500	400	0.8
638			48500	500	500	1.0
639			46000	500	500	1.0
640			59700	500	1200	2.4
641			77300	500	200	0.4
642			55800	400	300	0.75
643			83700	500	400	0.8
644			50700	400	300	0.75
645			43400	500	300	0.6
646			67200	500	400	0.8
647			85900	400	300	0.75
648			32600	500	200	0.4
649			41300	500	500	1.0
650			41700	500	400	0.8
651			109600	500	200	0.4
652			39100	500	300	0.6
653			57600	500	400	0.8
654			82500	500	300	0.6
655			68400	900	500	0.5555555555555556
656			46700	500	500	1.0
657			44100	500	300	0.6
658			90900	500	400	0.8
659			71800	500	200	0.4
660			107800	500	200	0.4
661			66400	500	300	0.6
662			51700	500	500	1.0
663			40000	500	300	0.6
664			104200	500	300	0.6
665			75200	500	400	0.8
666			65500	500	200	0.4
667			37900	500	300	0.6
668			67100	500	400	0.8
669			38600	500	300	0.6
670			66700	400	400	1.0
671			58000	500	300	0.6
672			96800	500	300	0.6
673			193400	600	500	0.8333333333333334
674			90400	500	500	1.0
675			107600	500	500	1.0
676			42200	500	400	0.8
677			58600	500	400	0.8
678			57200	4300	200	0.046511627906976744
679			35600	500	500	1.0
680			98800	400	400	1.0
681			86500	500	200	0.4
682			123500	500	400	0.8
683			77100	600	400	0.6666666666666666
684			157000	700	500	0.7142857142857143
685			91400	500	200	0.4
686			67000	500	400	0.8
687			83500	500	400	0.8
688			47700	500	500	1.0
689			63800	600	400	0.6666666666666666
690			79500	500	400	0.8
691			67000	500	400	0.8
692			1229000	2400	400	0.16666666666666666
693			41900	300	300	1.0
694			41700	300	300	1.0
695			63000	400	400	1.0
696			57300	400	200	0.5
697			76600	400	300	0.75
698			33700	300	200	0.6666666666666666
699			96600	200	300	1.5
700			61700	400	300	0.75
701			41200	600	300	0.5
702			48400	300	300	1.0
703			46900	800	500	0.625
704			82200	500	200	0.4
705			51000	300	2600	8.666666666666666
706			96200	400	200	0.5
707			83200	300	200	0.6666666666666666
708			34700	300	300	1.0
709			40800	300	300	1.0
710			146600	300	200	0.6666666666666666
711			28900	400	200	0.5
712			43800	400	300	0.75
713			63000	400	300	0.75
714			47600	300	300	1.0
715			31800	300	300	1.0
716			50700	400	300	0.75
717			43600	300	200	0.6666666666666666
718			34000	200	300	1.5
719			47600	300	200	0.6666666666666666
720			39200	300	300	1.0
721			77900	300	200	0.6666666666666666
722			121400	400	200	0.5
723			36600	300	300	1.0
724			26800	300	200	0.6666666666666666
725			40900	300	200	0.6666666666666666
726			72700	300	200	0.6666666666666666
727			62700	300	200	0.6666666666666666
728			46500	400	300	0.75
729			72100	300	200	0.6666666666666666
730			101400	500	300	0.6
731			109200	400	200	0.5
732			84500	400	300	0.75
733			39400	300	300	1.0
734			50700	300	200	0.6666666666666666
735			60100	400	300	0.75
736			39800	400	200	0.5
737			62000	300	200	0.6666666666666666
738			34400	300	200	0.6666666666666666
739			48300	300	200	0.6666666666666666
740			36300	300	200	0.6666666666666666
741			29300	300	200	0.6666666666666666
742			37900	300	300	1.0
743			32000	300	300	1.0
744			46100	300	300	1.0
745			105600	300	200	0.6666666666666666
746			31600	300	200	0.6666666666666666
747			81600	300	300	1.0
748			54800	300	300	1.0
749			46200	400	200	0.5
750			67800	400	200	0.5
751			52900	400	300	0.75
752			32300	200	300	1.5
753			83000	400	300	0.75
754			37100	400	200	0.5
755			82600	300	300	1.0
756			35800	400	400	1.0
757			35400	300	200	0.6666666666666666
758			73400	300	200	0.6666666666666666
759			52600	300	200	0.6666666666666666
760			52800	300	200	0.6666666666666666
761			44600	300	200	0.6666666666666666
762			37400	300	200	0.6666666666666666
763			41000	400	300	0.75
764			38500	400	300	0.75
765			41000	400	200	0.5
766			105500	300	300	1.0
767			296800	400	200	0.5
768			33800	300	200	0.6666666666666666
769			63000	400	300	0.75
770			59000	400	200	0.5
771			90700	400	300	0.75
772			40700	300	300	1.0
773			34400	300	200	0.6666666666666666
774			35900	200	300	1.5
775			29000	300	300	1.0
776			44200	300	200	0.6666666666666666
777			55000	300	200	0.6666666666666666
778			68400	300	200	0.6666666666666666
779			50400	300	300	1.0
780			70800	400	200	0.5
781			28200	400	300	0.75
782			81100	300	200	0.6666666666666666
783			49100	300	200	0.6666666666666666
784			46700	300	300	1.0
785			45900	300	200	0.6666666666666666
786			35800	200	200	1.0
787			29000	300	200	0.6666666666666666
788			32900	300	200	0.6666666666666666
789			46000	300	200	0.6666666666666666
790			50500	300	300	1.0
791			66800	400	200	0.5
792			51200	300	200	0.6666666666666666
793			132700	300	200	0.6666666666666666
794			31200	300	300	1.0
795			39100	300	200	0.6666666666666666
796			47400	400	200	0.5
797			46200	400	200	0.5
798			30400	200	200	1.0
799			77300	300	200	0.6666666666666666
800			78700	500	200	0.4
801			38500	200	300	1.5
802			97600	400	300	0.75
803			84500	300	300	1.0
804			31700	300	200	0.6666666666666666
805			34500	300	300	1.0
806			609300	1000	300	0.3
807			57300	400	200	0.5
808			51900	400	300	0.75
809			85500	300	200	0.6666666666666666
810			60500	400	300	0.75
811			114100	300	300	1.0
812			95500	700	300	0.42857142857142855
813			46300	300	300	1.0
814			38800	300	200	0.6666666666666666
815			51400	200	200	1.0
816			47900	300	300	1.0
817			47900	300	200	0.6666666666666666
818			40000	400	300	0.75
819			267000	800	300	0.375
820			227000	700	300	0.42857142857142855
821			159900	600	300	0.5
822			363600	700	300	0.42857142857142855
823			148200	600	300	0.5
824			33900	400	200	0.5
825			347200	1000	800	0.8
826			49300	800	300	0.375
827			181200	700	200	0.2857142857142857
828			97200	700	300	0.42857142857142855
829			88400	700	300	0.42857142857142855
830			101200	800	200	0.25
831			36700	900	200	0.2222222222222222
832			32300	800	300	0.375
833			302800	700	200	0.2857142857142857
834			411400	700	700	1.0
835			56000	800	300	0.375
836			144200	700	700	1.0
837			54500	700	300	0.42857142857142855
838			234900	800	300	0.375
839			315100	800	300	0.375
840			141300	600	700	1.1666666666666667
841			40000	400	800	2.0
842			160300	700	200	0.2857142857142857
843			237100	600	700	1.1666666666666667
844			72900	800	200	0.25
845			165100	800	300	0.375
846			48700	800	200	0.25
847			122300	300	300	1.0
848			41000	800	300	0.375
849			71700	1400	300	0.21428571428571427
850			43100	600	300	0.5
851			58100	800	400	0.5
852			46500	300	700	2.3333333333333335
853			37800	300	200	0.6666666666666666
854			78100	300	200	0.6666666666666666
855			99700	300	300	1.0
856			97600	300	300	1.0
857			38300	300	300	1.0
858			23200	300	300	1.0
859			87200	300	300	1.0
860			44200	300	200	0.6666666666666666
861			103400	300	300	1.0
862			65500	300	300	1.0
863			102700	300	300	1.0
864			43500	300	300	1.0
865			49100	1600	400	0.25
866			65300	400	300	0.75
867			60500	300	400	1.3333333333333333
868			27500	300	300	1.0
869			143600	300	200	0.6666666666666666
870			40400	300	300	1.0
871			27100	300	200	0.6666666666666666
872			69900	300	200	0.6666666666666666
873			46400	300	300	1.0
874			67900	300	200	0.6666666666666666
875			45100	300	200	0.6666666666666666
876			44500	300	200	0.6666666666666666
877			45300	200	300	1.5
878			113500	300	300	1.0
879			34000	300	200	0.6666666666666666
880			68600	300	200	0.6666666666666666
881			35000	300	200	0.6666666666666666
882			75400	400	300	0.75
883			67500	300	200	0.6666666666666666
884			38500	300	300	1.0
885			42500	300	200	0.6666666666666666
886			170600	300	300	1.0
887			28500	200	200	1.0
888			31900	300	200	0.6666666666666666
889			54500	200	300	1.5
890			66300	300	200	0.6666666666666666
891			31700	300	200	0.6666666666666666
892			50900	300	300	1.0
893			63300	400	200	0.5
894			63400	200	200	1.0
895			109600	300	300	1.0
896			51900	300	300	1.0
897			114400	300	300	1.0
898			56500	200	200	1.0
899			34100	300	200	0.6666666666666666
900			53800	300	200	0.6666666666666666
901			37800	300	200	0.6666666666666666
902			49500	300	300	1.0
903			51900	400	300	0.75
904			58300	300	200	0.6666666666666666
905			50700	300	300	1.0
906			28500	300	300	1.0
907			47000	300	200	0.6666666666666666
908			66000	300	300	1.0
909			35400	300	300	1.0
910			52300	300	200	0.6666666666666666
911			36800	300	300	1.0
912			98800	200	200	1.0
913			50500	300	200	0.6666666666666666
914			43900	300	300	1.0
915			37300	300	200	0.6666666666666666
916			39700	400	300	0.75
917			133800	300	300	1.0
918			66000	300	200	0.6666666666666666
919			42900	300	200	0.6666666666666666
920			95500	400	200	0.5
921			73700	200	200	1.0
922			134400	600	300	0.5
923			91300	300	200	0.6666666666666666
924			41200	400	300	0.75
925			48600	300	200	0.6666666666666666
926			42300	300	200	0.6666666666666666
927			33500	300	300	1.0
928			55900	300	300	1.0
929			40500	300	200	0.6666666666666666
930			83400	300	300	1.0
931			41900	300	200	0.6666666666666666
932			66700	300	200	0.6666666666666666
933			41500	300	200	0.6666666666666666
934			31400	300	200	0.6666666666666666
935			43500	300	200	0.6666666666666666
936			83900	300	300	1.0
937			121000	500	300	0.6
938			46400	300	300	1.0
939			60700	400	200	0.5
940			42500	400	300	0.75
941			57800	200	300	1.5
942			51900	300	300	1.0
943			36200	400	200	0.5
944			37000	400	200	0.5
945			57100	300	300	1.0
946			62800	300	200	0.6666666666666666
947			32200	400	200	0.5
948			52400	200	400	2.0
949			36200	300	200	0.6666666666666666
950			41100	300	300	1.0
951			35600	300	200	0.6666666666666666
952			35800	300	200	0.6666666666666666
953			26300	300	300	1.0
954			73500	300	300	1.0
955			135800	400	400	1.0
956			34600	300	200	0.6666666666666666
957			40100	300	200	0.6666666666666666
958			60500	400	200	0.5
959			48900	300	200	0.6666666666666666
960			45700	400	300	0.75
961			38300	300	200	0.6666666666666666
962			31500	200	200	1.0
963			39500	300	200	0.6666666666666666
964			38600	500	200	0.4
965			40300	400	300	0.75
966			47500	300	200	0.6666666666666666
967			30000	200	200	1.0
968			40100	300	300	1.0
969			34300	300	300	1.0
970			88600	500	300	0.6
971			36300	300	300	1.0
972			43600	300	300	1.0
973			108600	1500	300	0.2
974			172600	800	200	0.25
975			33400	400	200	0.5
976			53400	300	200	0.6666666666666666
977			73500	300	200	0.6666666666666666
978			61100	300	300	1.0
979			30800	300	200	0.6666666666666666
980			48700	300	200	0.6666666666666666
981			82900	300	200	0.6666666666666666
982			52100	300	300	1.0
983			66400	300	300	1.0
984			100500	300	200	0.6666666666666666
985			72900	200	300	1.5
986			62200	400	300	0.75
987			55800	200	200	1.0
988			37800	300	300	1.0
989			73700	300	300	1.0
990			122200	500	300	0.6
991			46700	400	200	0.5
992			44500	300	300	1.0
993			41800	300	200	0.6666666666666666
994			69000	300	200	0.6666666666666666
995			71600	300	300	1.0
996			35100	300	200	0.6666666666666666
997			72500	300	200	0.6666666666666666
998			60100	300	200	0.6666666666666666
999			32600	300	300	1.0
1000			50300	300	200	0.6666666666666666
Tot :	1439.8	3424.8	2.2388754923742438

Process finished with exit code 0
